2
0 0 3 16
1 0 115 104
0 1 1 26
1 1 118 89
0 2 6 47
1 2 111 66
0 3 26 65
1 3 89 46
0 4 4 15
1 4 116 103
0 5 5 18
1 5 117 106
0 6 0 5
1 6 120 117
0 7 8 28
1 7 113 91
0 8 7 29
1 8 112 92
0 9 2 48
1 9 119 67
0 10 9 50
1 10 114 69
0 11 5 43
1 11 117 83
0 12 18 64
1 12 92 49
0 13 29 68
1 13 83 45
0 14 43 85
1 14 103 80
0 15 15 40
1 15 104 79
0 16 16 39
1 16 66 27
0 17 47 90
1 17 69 26
0 18 50 89
1 18 91 70
0 19 64 120
1 19 80 61
0 20 40 82
1 20 79 58
0 21 28 40
1 21 61 15
0 22 39 50
1 22 106 93
0 23 40 59
1 23 93 72
0 24 50 93
1 24 58 39
0 25 48 91
1 25 49 28
0 26 59 78
1 26 70 60
0 27 78 103
1 27 72 62
0 28 82 105
1 28 67 58
0 29 68 79
1 29 58 49
0 30 79 104
1 30 62 52
0 31 65 76
1 31 39 16
0 32 93 113
1 32 60 51
0 33 91 111
1 33 46 36
0 34 85 96
1 34 51 40
0 35 76 88
1 35 49 39
0 36 105 116
1 36 39 14
0 37 88 101
1 37 52 41
0 38 89 102
1 38 26 6
0 39 96 108
1 39 27 7
0 40 104 112
1 40 28 8
0 41 113 118
1 41 45 33
0 42 112 115
1 42 36 25
0 43 116 119
1 43 41 29
0 44 108 107
1 44 40 17
0 45 107 106
1 45 29 9
0 46 106 114
1 46 14 3
0 47 114 117
1 47 15 4
0 48 102 104
1 48 16 5
0 49 90 102
1 49 25 13
0 50 104 112
1 50 33 20
0 51 102 104
1 51 6 1
0 52 101 102
1 52 20 -1
0 53 111 113
1 53 20 -1
0 54 103 111
1 54 20 -1
0 55 113 116
1 55 20 -1
0 56 102 103
1 56 20 -1
0 57 111 113
1 57 20 -1
0 58 103 111
1 58 20 -1
0 59 113 114
1 59 20 -1
0 60 111 113
1 60 20 -1
0 61 104 105
1 61 20 -1
0 62 105 104
1 62 20 -1
0 63 112 111
1 63 20 -1
0 64 104 112
WIN 64 0
1 64 20 -1
1 65 20 -1
1 66 20 -1
1 67 20 -1
1 68 20 -1
1 69 20 -1
1 70 20 -1
1 71 20 -1
1 72 20 -1
1 73 20 -1
1 74 20 -1
1 75 20 -1
1 76 20 -1
1 77 20 -1
1 78 20 -1
1 79 20 -1
1 80 20 -1
1 81 20 -1
1 82 20 -1
1 83 20 -1
1 84 20 -1
1 85 20 -1
1 86 20 -1
1 87 20 -1
1 88 20 -1
1 89 20 -1
1 90 20 -1
1 91 20 -1
1 92 20 -1
1 93 20 -1
1 94 20 -1
1 95 20 -1
1 96 20 -1
1 97 20 -1
1 98 20 -1
1 99 20 -1
1 100 20 -1
1 101 20 -1
1 102 20 -1
1 103 20 -1
1 104 20 -1
1 105 20 -1
1 106 20 -1
1 107 20 -1
1 108 20 -1
1 109 20 -1
1 110 20 -1
1 111 20 -1
1 112 20 -1
1 113 20 -1
1 114 20 -1
1 